9 0.0984375 0.67578125 0.18046875 0.1953125
9 0.18828125 0.8859375 0.36328125 0.22734375
9 0.33203125 0.6125 0.24296875 0.1796875
9 0.48359375 0.8671875 0.33515625 0.265625
9 0.80625 0.83203125 0.3875 0.3359375
9 0.58671875 0.5046875 0.24453125 0.20859375
9 0.875 0.50703125 0.240625 0.2171875
9 0.746875 0.22578125 0.39375 0.2390625
9 0.3046875 0.14765625 0.421875 0.2953125
9 0.49609375 0.07421875 0.09921875 0.1484375
9 0.44609375 0.340625 0.21875 0.20078125
9 0.234375 0.63828125 0.15234375 0.24296875