40 0.60625 0.11328125 0.12421875 0.15234375
40 0.78203125 0.128125 0.178125 0.16171875
40 0.43359375 0.19453125 0.19296875 0.190625
40 0.11171875 0.24765625 0.18671875 0.140625
40 0.1 0.38828125 0.1359375 0.14921875
40 0.61640625 0.38984375 0.1875 0.21796875
40 0.87734375 0.41015625 0.125 0.21640625
40 0.76640625 0.41171875 0.125 0.18984375
40 0.459375 0.4515625 0.1265625 0.2015625
40 0.26171875 0.57890625 0.1671875 0.23984375
40 0.88515625 0.69140625 0.1890625 0.23984375
40 0.11015625 0.69375 0.20234375 0.315625
40 0.62578125 0.71875 0.19375 0.19375
40 0.41953125 0.771875 0.19296875 0.2265625
40 0.7515625 0.8921875 0.2171875 0.196875
40 0.08125 0.09765625 0.12109375 0.13046875