40 0.51640625 0.09921875 0.1546875 0.1765625
40 0.690625 0.0859375 0.209375 0.171875
40 0.36640625 0.2171875 0.23125 0.2296875
40 0.0859375 0.34140625 0.171875 0.1796875
40 0.08515625 0.48125 0.165625 0.1765625
40 0.58828125 0.36640625 0.23125 0.2546875
40 0.84765625 0.32734375 0.1703125 0.2390625
40 0.73984375 0.35390625 0.1640625 0.2125
40 0.44921875 0.46171875 0.16875 0.225
40 0.2859375 0.63046875 0.2171875 0.271875
40 0.89921875 0.59921875 0.2015625 0.2765625
40 0.1640625 0.7765625 0.26875 0.353125
40 0.671875 0.68515625 0.2328125 0.2328125
40 0.4828125 0.7828125 0.2390625 0.2640625
40 0.83359375 0.82578125 0.25625 0.240625
40 0.0375 0.20234375 0.075 0.1546875