10 0.1875 0.33984375 0.034375 0.1359375
10 0.80546875 0.3703125 0.04609375 0.12734375
10 0.77109375 0.4125 0.0625 0.27421875
10 0.3234375 0.46953125 0.06875 0.41328125
10 0.06484375 0.05703125 0.07421875 0.1140625
10 0.6984375 0.61875 0.03671875 0.03046875
10 0.8390625 0.6828125 0.08515625 0.23125
10 0.14921875 0.69609375 0.05703125 0.1015625
10 0.553125 0.0734375 0.0890625 0.14609375
10 0.92734375 0.78125 0.07265625 0.21328125
10 0.07890625 0.8203125 0.08046875 0.18203125
10 0.62890625 0.83984375 0.078125 0.1609375
10 0.8578125 0.8828125 0.06640625 0.2328125
10 0.9421875 0.91796875 0.08984375 0.1625
10 0.11796875 0.09296875 0.03984375 0.18515625
10 0.80234375 0.9484375 0.05703125 0.10234375
10 0.93203125 0.13828125 0.08046875 0.2171875
10 0.8703125 0.159375 0.05 0.28828125
10 0.71875 0.1734375 0.078125 0.3125
10 0.62734375 0.18359375 0.1015625 0.26171875
10 0.83046875 0.225 0.04609375 0.1921875
10 0.796875 0.2703125 0.05703125 0.18046875
10 0.93828125 0.27109375 0.0765625 0.15390625