10 0.43125 0.59921875 0.15546875 0.08984375
10 0.428125 0.51484375 0.06328125 0.1640625
10 0.5421875 0.521875 0.10859375 0.146875
10 0.49375 0.44765625 0.06328125 0.15703125
10 0.540625 0.32578125 0.08203125 0.1359375
10 0.625 0.24375 0.07578125 0.11328125
10 0.5421875 0.22734375 0.0421875 0.10234375
10 0.528125 0.14921875 0.0375 0.12890625
10 0.4796875 0.22890625 0.05390625 0.10078125
10 0.70078125 0.1859375 0.04921875 0.19609375
10 0.5984375 0.12890625 0.06640625 0.23671875
10 0.47265625 0.0984375 0.05390625 0.190625
10 0.36796875 0.11171875 0.15078125 0.1328125
10 0.15234375 0.0703125 0.05859375 0.0953125
10 0.21015625 0.11953125 0.0796875 0.1234375
10 0.1171875 0.13359375 0.0640625 0.11328125
10 0.1453125 0.59375 0.06796875 0.1484375
10 0.37734375 0.4015625 0.05625 0.1328125