10 0.55 0.8390625 0.1578125 0.3078125
10 0.7328125 0.85546875 0.09375 0.2421875
10 0.80546875 0.92109375 0.06875 0.0953125
10 0.66875 0.93125 0.05 0.10625
10 0.63046875 0.37578125 0.1015625 0.290625
10 0.721875 0.55625 0.06875 0.2578125
10 0.72421875 0.4578125 0.0625 0.1765625
10 0.7359375 0.3359375 0.0828125 0.171875
10 0.68828125 0.20546875 0.0765625 0.3015625
10 0.80234375 0.22734375 0.1828125 0.4546875
10 0.85234375 0.4203125 0.1515625 0.3125
10 0.93515625 0.23125 0.1125 0.365625
10 0.52421875 0.1140625 0.1171875 0.228125
10 0.32578125 0.26484375 0.0671875 0.14375
10 0.29296875 0.4578125 0.1140625 0.328125
10 0.14296875 0.45703125 0.0921875 0.234375
10 0.08671875 0.403125 0.134375 0.690625
10 0.03359375 0.3296875 0.0671875 0.1875
10 0.225 0.15546875 0.109375 0.25625
10 0.38125 0.1078125 0.08125 0.1984375
10 0.4609375 0.128125 0.15 0.25625