10 0.50859375 0.84296875 0.1234375 0.2953125
10 0.6875 0.88125 0.06484375 0.23671875
10 0.7515625 0.95546875 0.05859375 0.08828125
10 0.61484375 0.9484375 0.03828125 0.10234375
10 0.64453125 0.39296875 0.0671875 0.284375
10 0.71328125 0.5828125 0.03828125 0.2546875
10 0.72734375 0.48515625 0.0421875 0.1734375
10 0.75390625 0.365625 0.06328125 0.165625
10 0.72265625 0.23046875 0.03984375 0.2984375
10 0.83671875 0.24453125 0.1234375 0.4890625
10 0.859375 0.4640625 0.115625 0.3
10 0.96484375 0.2859375 0.06953125 0.36015625
10 0.571875 0.11796875 0.09140625 0.22265625
10 0.35546875 0.2453125 0.05 0.13828125
10 0.3 0.4328125 0.07578125 0.32109375
10 0.15078125 0.4140625 0.06484375 0.228125
10 0.1015625 0.353125 0.0515625 0.6890625
10 0.05234375 0.27421875 0.05703125 0.18203125
10 0.26875 0.12421875 0.08046875 0.2484375
10 0.4296875 0.09609375 0.05859375 0.1921875
10 0.50703125 0.12421875 0.1203125 0.2484375