10 0.20234375 0.31328125 0.0453125 0.1390625
10 0.815625 0.39765625 0.05625 0.13125
10 0.77734375 0.43671875 0.0859375 0.278125
10 0.3265625 0.45390625 0.1046875 0.4171875
10 0.1046875 0.040625 0.084375 0.08125
10 0.6875 0.6359375 0.0390625 0.0328125
10 0.821875 0.71171875 0.1046875 0.2375
10 0.13359375 0.66484375 0.065625 0.10625
10 0.58984375 0.0796875 0.1015625 0.153125
10 0.9015625 0.8171875 0.090625 0.21875
10 0.05234375 0.78203125 0.0953125 0.1890625
10 0.5984375 0.85 0.0921875 0.1671875
10 0.82265625 0.896875 0.0859375 0.20625
10 0.903125 0.934375 0.103125 0.13125
10 0.1546875 0.07734375 0.05625 0.1546875
10 0.7609375 0.96015625 0.065625 0.0796875
10 0.95625 0.17734375 0.0875 0.2234375
10 0.8984375 0.19296875 0.075 0.2921875
10 0.74609375 0.19375 0.1046875 0.31875
10 0.6546875 0.19609375 0.1234375 0.2703125
10 0.853125 0.2546875 0.0625 0.1953125
10 0.815625 0.296875 0.071875 0.184375
10 0.95546875 0.309375 0.0890625 0.159375