10 0.409375 0.5796875 0.171875 0.125
10 0.4265625 0.496875 0.1015625 0.175
10 0.5359375 0.53125 0.140625 0.16875
10 0.50625 0.44765625 0.1 0.1671875
10 0.58125 0.340625 0.1125 0.1515625
10 0.68359375 0.28125 0.1015625 0.128125
10 0.60703125 0.2453125 0.065625 0.109375
10 0.6125 0.16640625 0.0671875 0.134375
10 0.54609375 0.23203125 0.0765625 0.1109375
10 0.77109375 0.24375 0.0953125 0.2015625
10 0.68515625 0.1640625 0.121875 0.2453125
10 0.5703125 0.10390625 0.0984375 0.1984375
10 0.465625 0.09140625 0.178125 0.165625
10 0.26640625 0.02578125 0.0796875 0.0515625
10 0.31015625 0.06484375 0.1078125 0.1296875
10 0.21640625 0.05703125 0.0890625 0.1140625
10 0.1328125 0.50546875 0.1015625 0.1609375
10 0.4046875 0.375 0.0859375 0.1421875