11 0.7796875 0.3375 0.01953125 0.01875
11 0.65 0.35 0.02421875 0.02265625
11 0.6234375 0.35078125 0.01484375 0.01640625
11 0.5171875 0.35703125 0.009375 0.0140625
11 0.69921875 0.36484375 0.00859375 0.0109375
11 0.70078125 0.39453125 0.01953125 0.03046875
11 0.7796875 0.4765625 0.01640625 0.02109375
11 0.1921875 0.190625 0.01328125 0.01328125
11 0.54921875 0.20546875 0.01796875 0.0171875
11 0.875 0.2375 0.015625 0.0140625
11 0.22421875 0.2390625 0.01640625 0.01171875
11 0.66796875 0.23984375 0.01328125 0.0234375
11 0.8109375 0.24765625 0.0125 0.01328125
11 0.6328125 0.24765625 0.01640625 0.0171875
11 0.44609375 0.24921875 0.02109375 0.01953125
11 0.5453125 0.259375 0.01640625 0.01484375
11 0.85234375 0.27734375 0.01015625 0.01328125
11 0.54765625 0.28046875 0.015625 0.0203125
11 0.1265625 0.28203125 0.01328125 0.0109375
11 0.74453125 0.284375 0.00703125 0.00546875
11 0.0359375 0.284375 0.02734375 0.0296875
11 0.10625 0.29453125 0.02265625 0.02578125
11 0.75390625 0.29453125 0.00703125 0.00625
11 0.1296875 0.29921875 0.01953125 0.02109375
11 0.77578125 0.31796875 0.01328125 0.0125