11 0.99296875 0.359375 0.0140625 0.02890625
11 0.32578125 0.37578125 0.0109375 0.02265625
11 0.278125 0.3828125 0.0140625 0.01953125
11 0.3046875 0.39140625 0.01875 0.0234375
11 0.2265625 0.4203125 0.01171875 0.01953125
11 0.47578125 0.43515625 0.01796875 0.01796875
11 0.390625 0.4484375 0.03203125 0.03515625
11 0.58828125 0.45 0.04609375 0.04296875
11 0.34375 0.45390625 0.04296875 0.0390625
11 0.80234375 0.471875 0.025 0.040625
11 0.7296875 0.515625 0.06171875 0.04609375
11 0.2109375 0.57421875 0.05 0.06328125
11 0.13828125 0.57578125 0.0375 0.034375
11 0.21875 0.29140625 0.01796875 0.02265625