11 0.98203125 0.325 0.015625 0.0296875
11 0.3171875 0.38828125 0.0125 0.0234375
11 0.2703125 0.3984375 0.015625 0.0203125
11 0.29765625 0.40546875 0.0203125 0.025
11 0.221875 0.43984375 0.0125 0.0203125
11 0.47109375 0.43671875 0.01875 0.01875
11 0.3875 0.45625 0.034375 0.0375
11 0.584375 0.44375 0.0484375 0.0453125
11 0.340625 0.46484375 0.0453125 0.0421875
11 0.8 0.45078125 0.028125 0.0421875
11 0.73046875 0.49921875 0.0640625 0.05
11 0.2171875 0.59453125 0.0546875 0.0671875
11 0.14453125 0.60078125 0.0390625 0.0375
11 0.2046875 0.31171875 0.01875 0.0234375