11 0.4671875 0.3453125 0.01953125 0.03203125
11 0.35234375 0.38359375 0.01640625 0.01953125
11 0.87890625 0.396875 0.0265625 0.02734375
11 0.06953125 0.40390625 0.01328125 0.01328125
11 0.2203125 0.421875 0.0578125 0.06015625
11 0.4859375 0.42421875 0.02578125 0.03203125
11 0.03046875 0.46171875 0.03203125 0.05234375
11 0.934375 0.07890625 0.01328125 0.0125
11 0.87890625 0.08359375 0.01484375 0.0125
11 0.7921875 0.10546875 0.0109375 0.009375
11 0.8375 0.1921875 0.0234375 0.0328125
11 0.8796875 0.253125 0.01328125 0.0203125
11 0.44375 0.3296875 0.02578125 0.02421875