11 0.50625 0.29765625 0.0625 0.0421875
11 0.55078125 0.309375 0.0421875 0.0390625
11 0.57734375 0.38359375 0.040625 0.0265625
11 0.42109375 0.3890625 0.06875 0.0546875
11 0.6265625 0.44140625 0.053125 0.0375
11 0.7328125 0.7671875 0.0796875 0.065625
4 0.79296875 0.1875 0.0171875 0.0125
11 0.3703125 0.12578125 0.015625 0.0109375
4 0.75234375 0.1953125 0.0203125 0.0140625
11 0.846875 0.2515625 0.021875 0.01875
11 0.15546875 0.140625 0.034375 0.0203125
11 0.878125 0.28515625 0.009375 0.009375
11 0.31171875 0.2015625 0.021875 0.0203125