11 0.51953125 0.0265625 0.0328125 0.053125
11 0.41875 0.390625 0.0234375 0.01875
11 0.56015625 0.39609375 0.0484375 0.0609375
11 0.4375 0.42421875 0.0265625 0.0328125
11 0.76953125 0.3734375 0.0375 0.0546875
11 0.48515625 0.56171875 0.08125 0.125
11 0.053125 0.64921875 0.08125 0.0890625
11 0.29453125 0.69609375 0.0765625 0.1515625
11 0.2828125 0.115625 0.0359375 0.0390625
11 0.57421875 0.9484375 0.0859375 0.0859375
11 0.38828125 0.146875 0.065625 0.071875
11 0.18515625 0.2296875 0.034375 0.0453125
11 0.5546875 0.17578125 0.0484375 0.0875
11 0.3046875 0.2265625 0.0390625 0.0375
11 0.72578125 0.20390625 0.0390625 0.0546875
11 0.88828125 0.19765625 0.0546875 0.053125