11 0.47109375 0.3 0.05703125 0.03203125
11 0.5171875 0.303125 0.0375 0.03359375
11 0.9953125 0.334375 0.009375 0.01875
11 0.55625 0.371875 0.03828125 0.0203125
11 0.403125 0.4046875 0.0625 0.04375
11 0.61484375 0.4203125 0.04921875 0.02890625
11 0.77578125 0.72265625 0.07109375 0.0546875
4 0.734375 0.14140625 0.015625 0.009375
11 0.30703125 0.15390625 0.0140625 0.009375
4 0.6953125 0.15625 0.01796875 0.01171875
11 0.7984375 0.1953125 0.01875 0.015625
11 0.0984375 0.20625 0.03203125 0.015625
11 0.83515625 0.22265625 0.00859375 0.00859375
11 0.2625 0.2390625 0.01875 0.01796875