11 0.45390625 0.3484375 0.021875 0.034375
11 0.34296875 0.396875 0.01875 0.0203125
11 0.86875 0.3640625 0.028125 0.0296875
11 0.0625 0.44140625 0.0140625 0.0140625
11 0.21484375 0.446875 0.0625 0.065625
11 0.4796875 0.42578125 0.028125 0.034375
11 0.02890625 0.503125 0.0359375 0.0546875
11 0.89609375 0.04296875 0.0140625 0.0140625
11 0.84140625 0.05234375 0.015625 0.0140625
11 0.75703125 0.08125 0.0109375 0.0109375
11 0.809375 0.1640625 0.0265625 0.034375
11 0.85703125 0.22109375 0.015625 0.021875
11 0.42890625 0.33515625 0.028125 0.0265625