11 0.06171875 0.28515625 0.046875 0.0375
11 0.93203125 0.1203125 0.0078125 0.0078125
11 0.99375 0.14765625 0.0109375 0.0171875
11 0.51171875 0.76640625 0.0484375 0.0578125
11 0.621875 0.1 0.009375 0.0078125
11 0.64296875 0.11796875 0.0109375 0.0125
11 0.76484375 0.1421875 0.0078125 0.0078125
11 0.8484375 0.171875 0.025 0.0234375
11 0.90859375 0.2 0.021875 0.021875
11 0.92734375 0.20703125 0.021875 0.0296875
11 0.6765625 0.17265625 0.0078125 0.009375
11 0.68828125 0.1875 0.009375 0.009375
11 0.63359375 0.21875 0.0171875 0.015625
11 0.559375 0.24375 0.0078125 0.009375
11 0.39296875 0.23515625 0.0171875 0.0234375
11 0.14140625 0.23984375 0.0265625 0.0296875
11 0.37578125 0.3015625 0.0078125 0.0078125