11 0.59375 0.03515625 0.02578125 0.05078125
11 0.43671875 0.37890625 0.02109375 0.01640625
11 0.57578125 0.40703125 0.040625 0.05546875
11 0.45 0.415625 0.02265625 0.0296875
11 0.7859375 0.4171875 0.0296875 0.05078125
11 0.47578125 0.55859375 0.06328125 0.1171875
11 0.03515625 0.57734375 0.0703125 0.0796875
11 0.26640625 0.66171875 0.05390625 0.1453125
11 0.3453125 0.08671875 0.03125 0.034375
11 0.503125 0.9546875 0.07578125 0.07578125
11 0.4453125 0.13359375 0.05625 0.0640625
11 0.02109375 0.171875 0.03984375 0.040625
11 0.23125 0.18359375 0.028125 0.0421875
11 0.6046875 0.18828125 0.0359375 0.0828125
11 0.35 0.19921875 0.03359375 0.0328125
11 0.76953125 0.24296875 0.03125 0.05078125
11 0.93046875 0.26171875 0.04765625 0.04609375