11 0.80703125 0.39921875 0.0234375 0.021875
11 0.678125 0.384375 0.028125 0.0265625
11 0.6515625 0.3796875 0.0171875 0.01875
11 0.546875 0.3640625 0.0125 0.015625
11 0.72265625 0.409375 0.0109375 0.0125
11 0.71796875 0.43828125 0.025 0.034375
11 0.778125 0.53515625 0.0203125 0.0234375
11 0.26328125 0.13359375 0.015625 0.015625
11 0.609375 0.221875 0.021875 0.0203125
11 0.92109375 0.32109375 0.01875 0.0171875
11 0.284375 0.1875 0.01875 0.015625
11 0.71875 0.28046875 0.0171875 0.025
11 0.85625 0.31796875 0.015625 0.015625
11 0.68203125 0.28046875 0.0203125 0.0203125
11 0.49921875 0.24375 0.025 0.0234375
11 0.59453125 0.27421875 0.01875 0.0171875
11 0.890625 0.35546875 0.0125 0.015625
11 0.5921875 0.2953125 0.01875 0.0234375
11 0.1796875 0.209375 0.015625 0.0140625
11 0.784375 0.33984375 0.0078125 0.00625
11 0.090625 0.19296875 0.0328125 0.034375
11 0.1578125 0.2171875 0.028125 0.0296875
11 0.79140625 0.3515625 0.0078125 0.0078125
11 0.1796875 0.2265625 0.0234375 0.025
11 0.8078125 0.37890625 0.015625 0.015625