11 0.03359375 0.35625 0.04296875 0.03046875
11 0.8671875 0.0578125 0.00703125 0.00703125
11 0.9328125 0.075 0.009375 0.015625
11 0.553125 0.7609375 0.04140625 0.05234375
11 0.5578125 0.0859375 0.0078125 0.00625
11 0.58125 0.1 0.00859375 0.0109375
11 0.70546875 0.10546875 0.00625 0.00703125
11 0.98125 0.1171875 0.0140625 0.0109375
11 0.79296875 0.12109375 0.02265625 0.0203125
11 0.85625 0.13984375 0.01953125 0.01875
11 0.8765625 0.14375 0.0171875 0.028125
11 0.6234375 0.14921875 0.00625 0.00859375
11 0.63671875 0.16171875 0.0078125 0.00859375
11 0.58828125 0.2015625 0.01484375 0.01328125
11 0.51875 0.2375 0.00703125 0.0078125
11 0.353125 0.25546875 0.01328125 0.021875
11 0.10546875 0.29921875 0.0234375 0.02578125
11 0.34609375 0.3234375 0.00703125 0.00703125