13 0.475 0.40546875 0.2375 0.234375
13 0.05234375 0.46328125 0.1046875 0.271875
13 0.66953125 0.4765625 0.1 0.1125
13 0.20859375 0.50703125 0.159375 0.221875
13 0.58125 0.5375 0.05625 0.0953125
13 0.1046875 0.54375 0.153125 0.2328125
13 0.4515625 0.58359375 0.071875 0.10625
13 0.51015625 0.61875 0.034375 0.040625
13 0.3453125 0.6203125 0.1109375 0.125
13 0.659375 0.6515625 0.04375 0.059375
13 0.59375 0.6640625 0.08125 0.13125
13 0.5203125 0.671875 0.053125 0.040625
13 0.77265625 0.67421875 0.20625 0.246875
13 0.5375 0.1125 0.225 0.2125
13 0.3171875 0.18671875 0.190625 0.21875
13 0.7234375 0.2046875 0.1328125 0.128125
13 0.0546875 0.234375 0.109375 0.1875
13 0.1671875 0.2859375 0.1109375 0.134375
13 0.63125 0.29375 0.1 0.125