13 0.571875 0.384375 0.165625 0.14140625
13 0.7296875 0.81171875 0.20546875 0.26015625
13 0.31953125 0.934375 0.228125 0.13046875
13 0.53515625 0.90546875 0.1546875 0.1890625
13 0.3125 0.67890625 0.15546875 0.2171875
13 0.10703125 0.80546875 0.21328125 0.38828125
13 0.1453125 0.2171875 0.0859375 0.13828125
13 0.0859375 0.39921875 0.13828125 0.18046875
13 0.459375 0.18671875 0.0703125 0.07109375
13 0.69453125 0.17421875 0.2734375 0.2578125
13 0.59140625 0.54921875 0.40703125 0.37109375
13 0.821875 0.4640625 0.13828125 0.11640625
13 0.81796875 0.28359375 0.1234375 0.203125
13 0.90546875 0.79453125 0.10625 0.1234375
13 0.93203125 0.92890625 0.1359375 0.14140625