13 0.475 0.40546875 0.23671875 0.23515625
13 0.05234375 0.46328125 0.1046875 0.27109375
13 0.66953125 0.4765625 0.10078125 0.11328125
13 0.20859375 0.50703125 0.16015625 0.22265625
13 0.58125 0.5375 0.05703125 0.0953125
13 0.1046875 0.54375 0.15390625 0.2328125
13 0.4515625 0.58359375 0.07109375 0.10625
13 0.51015625 0.61875 0.03359375 0.03984375
13 0.3453125 0.6203125 0.1109375 0.12421875
13 0.659375 0.6515625 0.04453125 0.05859375
13 0.59375 0.6640625 0.08046875 0.13203125
13 0.5203125 0.671875 0.053125 0.040625
13 0.77265625 0.67421875 0.20625 0.24765625
13 0.5375 0.1125 0.22421875 0.2125
13 0.3171875 0.18671875 0.18984375 0.21953125
13 0.7234375 0.2046875 0.1328125 0.12734375
13 0.0546875 0.234375 0.10859375 0.1875
13 0.1671875 0.2859375 0.1109375 0.134375
13 0.63125 0.29375 0.09921875 0.125