13 0.55546875 0.37578125 0.184375 0.1625
13 0.77109375 0.7765625 0.2390625 0.2859375
13 0.38125 0.9375 0.24375 0.125
13 0.59140625 0.89609375 0.1796875 0.2078125
13 0.3390625 0.703125 0.184375 0.2359375
13 0.153125 0.825 0.265625 0.35
13 0.109375 0.26953125 0.1046875 0.1484375
13 0.078125 0.45703125 0.15625 0.1984375
13 0.41640625 0.1953125 0.0796875 0.0796875
13 0.64765625 0.15 0.30625 0.29375
13 0.59765625 0.5359375 0.4546875 0.4234375
13 0.8140625 0.41953125 0.153125 0.134375
13 0.784375 0.24140625 0.15 0.21875
13 0.940625 0.734375 0.11875 0.1375
13 0.9546875 0.8640625 0.090625 0.159375