33 0.2484375 0.475 0.12265625 0.2015625
33 0.33359375 0.48671875 0.1296875 0.24296875
33 0.38828125 0.63125 0.13671875 0.16796875
33 0.234375 0.65546875 0.13671875 0.196875
33 0.87890625 0.0671875 0.140625 0.134375
33 0.59296875 0.6875 0.14375 0.1625
33 0.53828125 0.86796875 0.1234375 0.15390625
33 0.1828125 0.8765625 0.1515625 0.17109375
33 0.55546875 0.11875 0.11875 0.2375
33 0.43671875 0.196875 0.140625 0.26875
33 0.71796875 0.3734375 0.17421875 0.20625
33 0.4890625 0.40625 0.77265625 0.78515625