33 0.2515625 0.61171875 0.06171875 0.0875
33 0.87890625 0.64453125 0.0546875 0.0984375
33 0.81875 0.6609375 0.24609375 0.3828125
33 0.31484375 0.671875 0.24609375 0.2625
33 0.7265625 0.6859375 0.0546875 0.10390625
33 0.40390625 0.68828125 0.06171875 0.0875
33 0.76796875 0.7265625 0.0796875 0.0875
33 0.23203125 0.7484375 0.07265625 0.0765625
33 0.33359375 0.7484375 0.06484375 0.0984375
33 0.81015625 0.7953125 0.06875 0.09296875
33 0.43125 0.14453125 0.07265625 0.12578125
33 0.365625 0.19375 0.0796875 0.10390625