33 0.58359375 0.3265625 0.1109375 0.1375
33 0.27265625 0.371875 0.1265625 0.121875
33 0.13125 0.4015625 0.0984375 0.115625
33 0.71640625 0.421875 0.515625 0.440625
33 0.271875 0.58671875 0.484375 0.3140625
33 0.93984375 0.65703125 0.1203125 0.1046875
33 0.26875 0.78984375 0.4515625 0.2796875
33 0.578125 0.8265625 0.1140625 0.109375
33 0.3453125 0.08671875 0.0890625 0.096875
33 0.23515625 0.89375 0.0875 0.071875
33 0.2609375 0.171875 0.0796875 0.1015625
33 0.51328125 0.18203125 0.5046875 0.2609375