33 0.58671875 0.328125 0.10859375 0.1359375
33 0.275 0.36796875 0.12421875 0.1203125
33 0.1328125 0.3953125 0.09609375 0.1140625
33 0.71796875 0.42578125 0.5078125 0.43203125
33 0.2703125 0.5828125 0.4796875 0.30625
33 0.9375 0.66484375 0.1203125 0.10234375
33 0.2640625 0.7859375 0.44765625 0.271875
33 0.57265625 0.828125 0.1125 0.1078125
33 0.35234375 0.084375 0.08671875 0.09609375
33 0.228125 0.8890625 0.08671875 0.0703125
33 0.26640625 0.16796875 0.078125 0.1
33 0.51875 0.18203125 0.5 0.25234375